 129
 -1.000000000000000e+00   0.000000000000000e+00 0.0 0.0
 -9.996988200000000e-01   5.363900000000000e-02 0.0 0.0
 -9.987954999999999e-01   2.144300000000000e-01 0.0 0.0
 -9.972905000000000e-01   4.819700000000000e-01 0.0 0.0
 -9.951847000000000e-01   8.555500000000000e-01 0.0 0.0
 -9.924795000000000e-01   1.333900000000000e+00 0.0 0.0
 -9.891770000000000e-01   1.914800000000000e+00 0.0 0.0
 -9.852780000000000e-01   2.593900000000000e+00 0.0 0.0
 -9.807850000000000e-01   3.363200000000000e+00 0.0 0.0
 -9.757020000000000e-01   4.209500000000000e+00 0.0 0.0
 -9.700310000000000e-01   5.113300000000000e+00 0.0 0.0
 -9.637760000000000e-01   6.049300000000000e+00 0.0 0.0
 -9.569400000000000e-01   6.989200000000000e+00 0.0 0.0
 -9.495280000000000e-01   7.905200000000000e+00 0.0 0.0
 -9.415440000000000e-01   8.774100000000001e+00 0.0 0.0
 -9.329930000000000e-01   9.579000000000001e+00 0.0 0.0
 -9.238800000000000e-01   1.031100000000000e+01 0.0 0.0
 -9.142100000000000e-01   1.096700000000000e+01 0.0 0.0
 -9.039890000000000e-01   1.155000000000000e+01 0.0 0.0
 -8.932200000000000e-01   1.206600000000000e+01 0.0 0.0
 -8.819200000000000e-01   1.252000000000000e+01 0.0 0.0
 -8.700900000000000e-01   1.292100000000000e+01 0.0 0.0
 -8.577300000000000e-01   1.327600000000000e+01 0.0 0.0
 -8.448500000000000e-01   1.359000000000000e+01 0.0 0.0
 -8.314699999999999e-01   1.387000000000000e+01 0.0 0.0
 -8.175800000000000e-01   1.412100000000000e+01 0.0 0.0
 -8.032100000000000e-01   1.434900000000000e+01 0.0 0.0
 -7.883500000000000e-01   1.455700000000000e+01 0.0 0.0
 -7.730100000000000e-01   1.475000000000000e+01 0.0 0.0
 -7.572099999999999e-01   1.493100000000000e+01 0.0 0.0
 -7.409500000000000e-01   1.510100000000000e+01 0.0 0.0
 -7.242500000000001e-01   1.526400000000000e+01 0.0 0.0
 -7.071100000000000e-01   1.541900000000000e+01 0.0 0.0
 -6.895400000000000e-01   1.556900000000000e+01 0.0 0.0
 -6.715599999999999e-01   1.571400000000000e+01 0.0 0.0
 -6.531700000000000e-01   1.585500000000000e+01 0.0 0.0
 -6.343900000000000e-01   1.599300000000000e+01 0.0 0.0
 -6.152299999999999e-01   1.612800000000000e+01 0.0 0.0
 -5.957000000000000e-01   1.626000000000000e+01 0.0 0.0
 -5.758099999999999e-01   1.638900000000000e+01 0.0 0.0
 -5.555700000000000e-01   1.651500000000000e+01 0.0 0.0
 -5.349999999999999e-01   1.663700000000000e+01 0.0 0.0
 -5.141000000000000e-01   1.675600000000000e+01 0.0 0.0
 -4.929000000000000e-01   1.687200000000000e+01 0.0 0.0
 -4.714000000000000e-01   1.698500000000000e+01 0.0 0.0
 -4.496100000000000e-01   1.709400000000000e+01 0.0 0.0
 -4.275600000000001e-01   1.720000000000000e+01 0.0 0.0
 -4.052400000000000e-01   1.730200000000000e+01 0.0 0.0
 -3.826800000000000e-01   1.740000000000000e+01 0.0 0.0
 -3.599000000000000e-01   1.749400000000000e+01 0.0 0.0
 -3.368900000000000e-01   1.758500000000000e+01 0.0 0.0
 -3.136800000000000e-01   1.767200000000000e+01 0.0 0.0
 -2.902800000000000e-01   1.775600000000000e+01 0.0 0.0
 -2.667100000000000e-01   1.783500000000000e+01 0.0 0.0
 -2.429800000000000e-01   1.791100000000000e+01 0.0 0.0
 -2.191000000000000e-01   1.798100000000000e+01 0.0 0.0
 -1.950900000000000e-01   1.804500000000000e+01 0.0 0.0
 -1.709600000000000e-01   1.810300000000000e+01 0.0 0.0
 -1.467300000000000e-01   1.815400000000000e+01 0.0 0.0
 -1.224100000000000e-01   1.819800000000000e+01 0.0 0.0
 -9.802000000000000e-02   1.823500000000000e+01 0.0 0.0
 -7.355999999999996e-02   1.826400000000000e+01 0.0 0.0
 -4.906999999999995e-02   1.828500000000000e+01 0.0 0.0
 -2.454000000000001e-02   1.829700000000000e+01 0.0 0.0
  0.000000000000000e+00   1.830100000000000e+01 0.0 0.0
  2.454000000000001e-02   1.829700000000000e+01 0.0 0.0
  4.906999999999995e-02   1.828500000000000e+01 0.0 0.0
  7.355999999999996e-02   1.826400000000000e+01 0.0 0.0
  9.802000000000000e-02   1.823500000000000e+01 0.0 0.0
  1.224100000000000e-01   1.819800000000000e+01 0.0 0.0
  1.467300000000000e-01   1.815400000000000e+01 0.0 0.0
  1.709600000000000e-01   1.810300000000000e+01 0.0 0.0
  1.950900000000000e-01   1.804500000000000e+01 0.0 0.0
  2.191000000000000e-01   1.798100000000000e+01 0.0 0.0
  2.429800000000000e-01   1.791100000000000e+01 0.0 0.0
  2.667100000000000e-01   1.783500000000000e+01 0.0 0.0
  2.902800000000000e-01   1.775600000000000e+01 0.0 0.0
  3.136800000000000e-01   1.767200000000000e+01 0.0 0.0
  3.368900000000000e-01   1.758500000000000e+01 0.0 0.0
  3.599000000000000e-01   1.749400000000000e+01 0.0 0.0
  3.826800000000000e-01   1.740000000000000e+01 0.0 0.0
  4.052400000000000e-01   1.730200000000000e+01 0.0 0.0
  4.275600000000001e-01   1.720000000000000e+01 0.0 0.0
  4.496100000000000e-01   1.709400000000000e+01 0.0 0.0
  4.714000000000000e-01   1.698500000000000e+01 0.0 0.0
  4.929000000000000e-01   1.687200000000000e+01 0.0 0.0
  5.141000000000000e-01   1.675600000000000e+01 0.0 0.0
  5.349999999999999e-01   1.663700000000000e+01 0.0 0.0
  5.555700000000000e-01   1.651500000000000e+01 0.0 0.0
  5.758099999999999e-01   1.638900000000000e+01 0.0 0.0
  5.957000000000000e-01   1.626000000000000e+01 0.0 0.0
  6.152299999999999e-01   1.612800000000000e+01 0.0 0.0
  6.343900000000000e-01   1.599300000000000e+01 0.0 0.0
  6.531700000000000e-01   1.585500000000000e+01 0.0 0.0
  6.715599999999999e-01   1.571400000000000e+01 0.0 0.0
  6.895400000000000e-01   1.556900000000000e+01 0.0 0.0
  7.071100000000000e-01   1.541900000000000e+01 0.0 0.0
  7.242500000000001e-01   1.526400000000000e+01 0.0 0.0
  7.409500000000000e-01   1.510100000000000e+01 0.0 0.0
  7.572099999999999e-01   1.493100000000000e+01 0.0 0.0
  7.730100000000000e-01   1.475000000000000e+01 0.0 0.0
  7.883500000000000e-01   1.455700000000000e+01 0.0 0.0
  8.032100000000000e-01   1.434900000000000e+01 0.0 0.0
  8.175800000000000e-01   1.412100000000000e+01 0.0 0.0
  8.314699999999999e-01   1.387000000000000e+01 0.0 0.0
  8.448500000000000e-01   1.359000000000000e+01 0.0 0.0
  8.577300000000000e-01   1.327600000000000e+01 0.0 0.0
  8.700900000000000e-01   1.292100000000000e+01 0.0 0.0
  8.819200000000000e-01   1.252000000000000e+01 0.0 0.0
  8.932200000000000e-01   1.206600000000000e+01 0.0 0.0
  9.039890000000000e-01   1.155000000000000e+01 0.0 0.0
  9.142100000000000e-01   1.096700000000000e+01 0.0 0.0
  9.238800000000000e-01   1.031100000000000e+01 0.0 0.0
  9.329930000000000e-01   9.579000000000001e+00 0.0 0.0
  9.415440000000000e-01   8.774100000000001e+00 0.0 0.0
  9.495280000000000e-01   7.905200000000000e+00 0.0 0.0
  9.569400000000000e-01   6.989200000000000e+00 0.0 0.0
  9.637760000000000e-01   6.049300000000000e+00 0.0 0.0
  9.700310000000000e-01   5.113300000000000e+00 0.0 0.0
  9.757020000000000e-01   4.209500000000000e+00 0.0 0.0
  9.807850000000000e-01   3.363200000000000e+00 0.0 0.0
  9.852780000000000e-01   2.593900000000000e+00 0.0 0.0
  9.891770000000000e-01   1.914800000000000e+00 0.0 0.0
  9.924795000000000e-01   1.333900000000000e+00 0.0 0.0
  9.951847000000000e-01   8.555500000000000e-01 0.0 0.0
  9.972905000000000e-01   4.819700000000000e-01 0.0 0.0
  9.987954999999999e-01   2.144300000000000e-01 0.0 0.0
  9.996988200000000e-01   5.363900000000000e-02 0.0 0.0
  1.000000000000000e+00   0.000000000000000e+00 0.0 0.0
