 20
 -1.000000000000000e+00   0.000000000000000e+00   0.000000000000000e+00   0.000000000000000e+00   0.000000000000000e+00   0.000000000000000e+00   0.000000000000000e+00
 -9.719290366045362e-01   3.107400000000000e+00   1.702300000000000e-02   3.800300000000000e-01   3.585900000000000e-02   0.000000000000000e+00   0.000000000000000e+00
 -9.438580732090726e-01   6.449500000000000e+00   9.428100000000000e-02   7.166300000000000e-01   1.529300000000000e-01   0.000000000000000e+00   0.000000000000000e+00
 -8.933303390972378e-01   6.686400000000000e+00   3.039600000000000e-01   1.044700000000000e+00   2.877600000000000e-01   0.000000000000000e+00   0.000000000000000e+00
 -8.315742196272176e-01   4.909300000000000e+00   5.387999999999999e-01   1.172200000000000e+00   3.052300000000000e-01   0.000000000000000e+00   0.000000000000000e+00
 -7.754322928362901e-01   3.715800000000000e+00   6.593000000000000e-01   1.172100000000000e+00   2.681400000000000e-01   0.000000000000000e+00   0.000000000000000e+00
 -6.687626319335280e-01   2.597800000000000e+00   6.944399999999999e-01   1.052000000000000e+00   1.950100000000000e-01   0.000000000000000e+00   0.000000000000000e+00
 -5.564787783516730e-01   1.956700000000000e+00   6.281700000000000e-01   9.009900000000000e-01   1.343900000000000e-01   0.000000000000000e+00   0.000000000000000e+00
 -4.498091174489108e-01   1.589000000000000e+00   5.567800000000001e-01   7.428800000000000e-01   9.777300000000000e-02   0.000000000000000e+00   0.000000000000000e+00
 -6.737031214911759e-04   6.625700000000000e-01   3.743600000000000e-01   3.525800000000000e-01   1.137800000000000e-02   0.000000000000000e+00   0.000000000000000e+00
  6.737031214911759e-04   6.625700000000000e-01   3.743600000000000e-01   3.525800000000000e-01   1.137800000000000e-02   0.000000000000000e+00   0.000000000000000e+00
  4.498091174489108e-01   1.589000000000000e+00   5.567800000000001e-01   7.428800000000000e-01   9.777300000000000e-02   0.000000000000000e+00   0.000000000000000e+00
  5.564787783516730e-01   1.956700000000000e+00   6.281700000000000e-01   9.009900000000000e-01   1.343900000000000e-01   0.000000000000000e+00   0.000000000000000e+00
  6.687626319335280e-01   2.597800000000000e+00   6.944399999999999e-01   1.052000000000000e+00   1.950100000000000e-01   0.000000000000000e+00   0.000000000000000e+00
  7.754322928362901e-01   3.715800000000000e+00   6.593000000000000e-01   1.172100000000000e+00   2.681400000000000e-01   0.000000000000000e+00   0.000000000000000e+00
  8.315742196272176e-01   4.909300000000000e+00   5.387999999999999e-01   1.172200000000000e+00   3.052300000000000e-01   0.000000000000000e+00   0.000000000000000e+00
  8.933303390972378e-01   6.686400000000000e+00   3.039600000000000e-01   1.044700000000000e+00   2.877600000000000e-01   0.000000000000000e+00   0.000000000000000e+00
  9.438580732090726e-01   6.449500000000000e+00   9.428100000000000e-02   7.166300000000000e-01   1.529300000000000e-01   0.000000000000000e+00   0.000000000000000e+00
  9.719290366045362e-01   3.107400000000000e+00   1.702300000000000e-02   3.800300000000000e-01   3.585900000000000e-02   0.000000000000000e+00   0.000000000000000e+00
  1.000000000000000e+00   0.000000000000000e+00   0.000000000000000e+00   0.000000000000000e+00   0.000000000000000e+00   0.000000000000000e+00   0.000000000000000e+00
