  20
 -1.000000000000000e+00   9.365244410897836e-02   4.217294610082134e-02   7.617275944582413e-02
 -9.719290366045362e-01   9.626081982454338e-02   4.776260533813231e-02   9.682292416703668e-02
 -9.438580732090726e-01   9.886919554010840e-02   5.335226457544329e-02   1.174730888882492e-01
 -8.933303390972378e-01   1.060080067854415e-01   6.240639699218863e-02   1.457967459344009e-01
 -8.315742196272176e-01   1.188137010752869e-01   7.541284713473216e-02   1.740677705387254e-01
 -7.754322928362901e-01   1.340636549114373e-01   8.628006007073909e-02   1.914204106510608e-01
 -6.687626319335280e-01   1.623075321662809e-01   1.059299876093189e-01   2.077280893516186e-01
 -5.564787783516730e-01   1.919343876613181e-01   1.283659497020005e-01   2.309992877519555e-01
 -4.498091174489108e-01   2.177984790468597e-01   1.493783601009551e-01   2.516431828969664e-01
 -6.737031214911759e-04   2.633560703523960e-01   2.422671285900009e-01   3.078847270876199e-01
  6.737031214911759e-04   2.633560703523960e-01   2.422671285900009e-01   3.078847270876199e-01
  4.498091174489108e-01   2.177984790468597e-01   1.493783601009551e-01   2.516431828969664e-01
  5.564787783516730e-01   1.919343876613181e-01   1.283659497020005e-01   2.309992877519555e-01
  6.687626319335280e-01   1.623075321662809e-01   1.059299876093189e-01   2.077280893516186e-01
  7.754322928362901e-01   1.340636549114373e-01   8.628006007073909e-02   1.914204106510608e-01
  8.315742196272176e-01   1.188137010752869e-01   7.541284713473216e-02   1.740677705387254e-01
  8.933303390972378e-01   1.060080067854415e-01   6.240639699218863e-02   1.457967459344009e-01
  9.438580732090726e-01   9.886919554010840e-02   5.335226457544329e-02   1.174730888882492e-01
  9.719290366045362e-01   9.626081982454338e-02   4.776260533813231e-02   9.682292416703668e-02
  1.000000000000000e+00   9.365244410897836e-02   4.217294610082134e-02   7.617275944582413e-02
