  20
 -1.000000000000000e+00   2.981761298375707e-01   7.359938203227520e-02   1.102495246806202e-01
 -9.719290366045362e-01   2.113071354796056e-01   5.601884772493349e-02   7.936960375491364e-02
 -9.438580732090726e-01   1.244381411216404e-01   3.843831341759178e-02   4.848968282920713e-02
 -8.933303390972378e-01   8.422395191118712e-02   3.062105807281179e-02   3.001097409734383e-02
 -8.315742196272176e-01   6.674351105270089e-02   2.575078202464322e-02   2.137495145841018e-02
 -7.754322928362901e-01   5.826600996837981e-02   2.156472671188940e-02   1.826228426831115e-02
 -6.687626319335280e-01   5.219441765077253e-02   1.693994923805912e-02   1.536957822732596e-02
 -5.564787783516730e-01   4.912502474902088e-02   1.433431683293179e-02   1.436377463497761e-02
 -4.498091174489108e-01   4.679124344261515e-02   1.350927347164263e-02   1.389139332692154e-02
 -6.737031214911759e-04   3.574519430575555e-02   1.207171582411687e-02   1.370842359574231e-02
  6.737031214911759e-04   3.574519430575555e-02   1.207171582411687e-02   1.370842359574231e-02
  4.498091174489108e-01   4.679124344261515e-02   1.350927347164263e-02   1.389139332692154e-02
  5.564787783516730e-01   4.912502474902088e-02   1.433431683293179e-02   1.436377463497761e-02
  6.687626319335280e-01   5.219441765077253e-02   1.693994923805912e-02   1.536957822732596e-02
  7.754322928362901e-01   5.826600996837981e-02   2.156472671188940e-02   1.826228426831115e-02
  8.315742196272176e-01   6.674351105270089e-02   2.575078202464322e-02   2.137495145841018e-02
  8.933303390972378e-01   8.422395191118712e-02   3.062105807281179e-02   3.001097409734383e-02
  9.438580732090726e-01   1.244381411216404e-01   3.843831341759178e-02   4.848968282920713e-02
  9.719290366045362e-01   2.113071354796056e-01   5.601884772493349e-02   7.936960375491364e-02
  1.000000000000000e+00   2.981761298375707e-01   7.359938203227520e-02   1.102495246806202e-01
