  20
  -1.000000000000000                   0                   0                   0
  -0.971929036604536   0.028070963395464   0.028070963395464   0.028070963395464
  -0.943858073209073   0.056141926790927   0.053352264575443   0.056141926790927
  -0.893330339097238   0.106008006785442   0.062406396992189   0.106669660902762
  -0.831574219627218   0.118813701075287   0.075412847134732   0.168425780372782
  -0.775432292836290   0.134063654911437   0.086280060070739   0.191420410651061
  -0.668762631933528   0.162307532166281   0.105929987609319   0.207728089351619
  -0.556478778351673   0.191934387661318   0.128365949702000   0.230999287751955
  -0.449809117448911   0.217798479046860   0.149378360100955   0.251643182896966
  -0.000673703121491   0.263356070352396   0.242267128590001   0.307884727087620
   0.000673703121491   0.263356070352396   0.242267128590001   0.307884727087620
   0.449809117448911   0.217798479046860   0.149378360100955   0.251643182896966
   0.556478778351673   0.191934387661318   0.128365949702000   0.230999287751955
   0.668762631933528   0.162307532166281   0.105929987609319   0.207728089351619
   0.775432292836290   0.134063654911437   0.086280060070739   0.191420410651061
   0.831574219627218   0.118813701075287   0.075412847134732   0.168425780372782
   0.893330339097238   0.106008006785442   0.062406396992189   0.106669660902762
   0.943858073209073   0.056141926790927   0.053352264575443   0.056141926790927
   0.971929036604536   0.028070963395464   0.028070963395464   0.028070963395464
   1.000000000000000                   0                   0                   0
